21.243810663729523
21.255445428024696
21.411069676054563
21.609907776304823
21.68230602651624
22.418730152112715
22.076132005247864
22.518677614274257
22.550439208726175
22.342037705755274
23.11005131178443
22.8503351031426
22.804318374582046
22.812544569294868
22.63799581174674
22.584798714817506
22.425414292863106
22.375191415164167
22.61147276115394
22.244602040100755
22.190414759154507
22.759173974964273
22.515766445465474
22.526820476628394
21.78822290574042
22.273129623915935
21.74616934451564
21.545499281099445
22.044537102745917
21.989608029016235
21.56152031351077
21.644942460599722
21.403855920699197
21.602628096309495
21.495100359268907
21.198158472008707
21.178404733584326
21.28805025419057
20.868196018620825
21.081404086234073
20.352978190398375
20.58954738651009
20.384290378148773
20.340810360593597
19.946105108549226
19.617117942442786
19.11195281527221
18.94420192198074
18.74738914331769
19.059337177544897
19.035761661349238
18.467318835351666
18.537654298086565
18.410891547352904
18.27755287901963
17.877984784965214
18.001464166101094
18.097092300474415
18.003751554174414
17.92871685437685
17.67359425073595
17.93401113993951
18.058947281285633
18.015721059234576
18.047040378212227
18.05755037581233
18.076908054896922
18.039527670105116
18.063308281574656
18.09026165735283
17.81339093873163
17.6670893108038
17.52380629145099
17.47728955562345
17.500308728845848
17.28315668576731
17.245717461033195
17.009993142157438
17.089637752871877
17.096895606952618
17.187967516431353
17.02182120247451
16.93425509937871
16.82256460561418
16.80667639927904
16.734998850394252
16.718639194861712
16.64474710014558
16.616363865456172
16.579938395201935
16.499680188555704
16.326854270084105
16.243813060440182
16.09078012403121
15.999313575454154
16.010677019738562
16.0466211379659
15.946762160827998
15.88424180321957
15.884695914475799
15.68989471667034
15.61382584301546
15.414461613016435
15.447028979331275
15.511450369216112
15.556218499803135
15.67683121015536
15.648584326181679
15.49751416986701
15.319708310961923
15.25420133966344
15.293648011308344
15.227189357410355
15.174176440405194
15.01081253658625
14.98162491932251
15.066530247967723
15.01112569692454
14.934938360144356
14.769810611031026
14.540050668415523
14.515170064641165
14.471850648502782
14.361982142284507
14.297383102360048
14.20548999222311
14.077516230610161
13.9901295609821
13.859950662049549
13.807429103684859
13.671996856154653
13.507103936419746
13.442172153828981
13.432297274841458
13.434923466132568
13.353857450708817
13.302425045638113
13.30855462935916
13.303065562702546
13.262196726732181
13.205240411255819
13.085047360987835
12.954916762598678
12.922754536427831
12.889998327522857
12.886138077529427
12.76215319562517
12.668972608023418
12.708812543153083
12.536907389114017
12.497129878904728
12.516502554287937
12.47193903527979
12.430866847857299
12.413746131681275
12.310327851703862
12.250894268000955
12.20478028793763
12.126805561192699
12.072981559736261
12.061973787103828
12.020293248616632
11.936675284147995
11.884939318267005
11.736114581615757
11.676730907675601
11.62184979855881
11.477679832757858
11.430457289040051
11.408352755998726
11.328775998647002
11.23156523738955
11.17584307170637
11.100525798653543
11.027534353479023
10.97470519221103
10.927781264997071
11.270203184674896
11.146281557696893
10.694679052688944
10.593546292201793
10.609843652008049
10.438661333414407
10.47383261449368
10.600365661324426
10.470724483987478
10.360585026345667
10.248661651058491
10.260971667207196
10.102811416162938
9.932231118883253
10.089088706672008
9.814828239748294
9.890111303592498
9.77523588404417
9.806779290970802
9.730505520577314
9.532341331462792
9.556984683735884
9.462513166648845
9.196727060555325
9.291733193562536
9.272948336250895
8.987571810454172
8.981772968755758
8.892546449331691
8.725745174137193
8.758788790726829
8.598347898230728
8.673395691929285
8.93923380182116
8.56332559585516
8.798692980632712
8.784237958355977
8.403581990063318
8.50411074220661
8.467958276074786
8.853477482345088
8.840488875479577
8.64471185757621
8.591989757022992
8.51353536932268
8.551250633676593
8.653641381872227
8.591232483067795
8.542559440077461
8.494465874692223
8.501743579880134
8.545365652392213
8.633309793643567
8.58846400213528
8.485899659410343
8.439688282694815
8.481976593033686
8.601308346535623
8.526351582313783
8.439870072675776
8.460450395095684
8.437404991635724
8.377159664993831
8.400679420368238
8.418829739916502
8.360219786147644
8.363482902889372
8.260277653021586
8.278198902276682
8.315625483599723
8.101035644376845
8.04998080115778
7.99446714459897
8.053195189850854
8.016513144074928
7.845371035301264
9.592094257622252
9.593543418545394
11.306104776799764
11.268004985907055
11.260684782218954
9.220012072529608
9.166139484082999
7.020440881338882
6.87159602264366
6.835886107353983
6.7575763091221965
6.662094863835639
8.461104224824442
8.401683197780482
6.677866107472092
6.717982614941201
6.670753108962949
6.790763339613843
6.8660625751394955
6.952927701960021
7.041336713430743
6.9894596492798495
6.950630145117447
7.084647803354101
7.0583169687156335
7.105449728902903
7.155311512583527
7.174327898256284
7.169663125232401
7.206642024766898
7.282147329903506
7.320193705039799
7.515432566333048
7.550499155744056
7.541436752696282
7.604263554953796
7.547618849305975
7.556258347825143
7.569153447889479
7.540105010419847
7.536015140158025
7.505703859081823
7.4356575246821635
7.408682422667632
7.290726504325403
7.228826466009051
7.202079055216557
