0.07610184588510646
0.1565829773521887
0.27670853683263297
0.33441413943435916
0.36595696135593136
0.40335483725838545
0.4428012306969375
0.4807854774992589
0.5185036998082044
0.5721025191788914
0.6031898873891615
0.6809173047587752
0.7335667670971299
0.747571739504782
0.7603398773863921
0.7796547340381285
0.7893217892782255
0.7811516216773354
0.8002517462926534
0.7985347621686752
0.8152466476751195
0.8180833040778032
0.8202617629395996
0.8225936478576594
0.7988843037184994
0.793220041678063
0.7614021675201272
0.799175703588231
0.8429949738954993
0.9769669880797762
0.9856061792359246
0.9862060494647704
0.9862504397468294
0.9875838423876188
0.9867992265420209
0.9867964682843322
0.9866835700565908
0.9862162774373269
0.986906439183603
0.9868931526600854
0.98552994604675
0.9856795644170003
0.9868142388543848
0.9861128902621168
0.987510665713451
0.9876504608080916
0.9871942845934154
0.9870711121583271
0.9854825777425095
0.9872645869127196
0.9877436175330035
0.9857690603633783
0.9880714232174159
0.9881694027134509
0.9867433408504159
0.9865708290583757
0.987436206475338
0.9865805907537266
0.9873341163322324
0.9868296941720262
0.9859607161016329
0.9854912691138612
0.9856267596348548
0.9855532800509965
0.9884478494137532
0.9879059337242722
0.9869688011722123
0.986707011884151
0.9873731083459174
0.987421453311864
0.9847402206278518
0.9850052008346176
0.9876726941784091
0.985474811102274
0.9883081772821205
0.9873399269820109
0.9851218804397451
0.9866521996309302
0.9867270843410081
0.9870793734134317
0.9873690332347445
0.9876672862109281
0.984374590959349
0.9887701154928203
0.9862606689392586
0.985643679607884
0.9850372663692057
0.9861785377916442
0.9855147561606459
0.986502080396027
0.9862052443163745
0.985875223327233
0.9850106676324105
0.9867583048240876
0.9860907616195662
0.9877891151953676
0.9867458328267579
0.9878801950679184
0.9864915158649085
0.985673689324223
0.986484363104245
0.9851182100168588
0.9878884350461054
0.9851658385953778
0.9868534953789685
0.9856256109599164
0.9867325298478146
0.9866427169464858
0.9885455019288348
0.987766775021179
0.9856283567108194
0.9876522107712953
0.9852197495663186
0.9863455258217733
0.9868833344577697
0.9865287750481965
0.9872358768054421
0.9879144699858238
0.9877030089625637
0.986950205534535
0.989826608238727
0.9870839567199573
0.9871162644239493
0.9868705692198884
0.9867802576797138
0.9872677303386049
0.9869940689226214
0.9880986303705751
0.9886512343473142
0.9868332063732251
0.9866760330385698
0.9881857090861286
0.9877868988513737
0.9862743553380793
0.9886247786793583
0.9873107187469283
0.9877244784570941
0.9867650240438062
0.9901479652944777
0.9872882575435854
0.9868647045964244
0.9866682131618186
0.9890795374737591
0.986604884786772
0.9889777884928299
0.9871607958602252
0.9878631359050775
0.9865051768135712
0.987306341191853
0.9862917826856138
0.9873938095162518
0.9861650736080386
0.9873837002229503
0.9868030950156725
0.9870779664649951
0.986836571485636
0.9860200443636721
0.9862623791906249
0.9882844807743464
0.9873415437223688
0.9874914104298261
0.9868766677672031
0.9887655244236637
0.9874682031731525
0.9878463519859182
0.98615966899789
0.9873917984768171
0.9867417355275013
0.9882239000524732
0.9841701217654668
0.9866761671111856
0.9875704044333686
0.9860799043600094
0.9877284356389713
0.9874045348561654
0.9869825357167301
0.9875594630191741
0.9864745001926803
0.988749820404562
0.9872414866097756
0.985623095648179
0.9849285980645484
0.9864846625458528
0.9872101463688352
0.9869292492768577
0.9883116678501943
0.9866934326357064
0.9885447243779224
0.9861363245752074
0.986286639660756
0.9863427927386529
0.9882148766847487
0.9856715758006815
0.9865170523115449
0.9880709828257335
0.9867194418510341
0.9859992943109686
0.9857477265340191
0.9887922558905942
0.9857107267086395
0.9877223149153618
0.9886910312101113
0.9876057557166438
0.9880121458312171
0.987457102988149
0.986030482580486
0.9862465012115933
0.9872232943870535
0.9856462760391674
0.9885728638814141
0.9873650526146095
0.9869475877415901
0.987880719201816
0.9879143780164819
0.98793404912578
0.9875523516541742
0.9865711761102333
0.9863982577042725
0.9873165904761229
0.9864766626026034
0.9857928701883766
0.9862681247834001
0.9858815417566348
0.9862008924174104
0.9870829733790378
0.9883305969527185
0.9861828862530375
0.987205127046681
0.985230671748875
0.9853188878498957
0.9854946154186536
0.986251495054748
0.9870247000890031
0.9850185460075608
0.9885478524621782
0.9875893133464909
0.9884927022276523
0.9879434610122975
0.9872637236676767
0.9869774872842505
0.9877769613580821
0.9875224315513605
0.9890820798527769
0.9877205389303887
0.9878798029143819
0.9884052211621501
0.9891238173947704
0.9876875920664895
0.986933702251351
0.9866194214463042
0.9865698831602507
0.9850144241814175
0.9881164634011063
0.9878730043339723
0.9873284804338699
0.9862184025990375
0.9862369538710829
0.9871688533283666
0.9877963824503575
0.987043947001774
0.9857873635782995
0.9872393605830845
0.9856628340561596
0.9873921248919459
0.9852069914206544
0.9875293286673097
0.9855327082084517
0.9877631250435212
0.9849546214287271
0.9869699598638504
0.9866507535710547
0.9839034724768694
0.9860706682508085
0.9864321593714345
0.9868167452356954
0.986691756753903
0.9867197324934616
0.9872588920382185
0.9881066433346076
0.9878945404004569
0.9862597479298159
0.9867666859695748
0.98703395379642
0.9862276369621342
0.9884874551976505
0.987379876115852
0.9864845094094956
0.9873433360041222
0.987147530759166
0.9879468463558634
0.9859902966628333
0.9895699254797755
0.9874039096404311
0.9887919656408549
0.9886764326988698
0.9878600736475736
0.988707083420088
0.9884336046694345
0.9874864231214409
0.986491423027418
